camera_matrix:
- - 265.51137567200755
  - 0.0
  - 921.0345824133277
- - 0.0
  - 271.80690797325974
  - 660.9072043393384
- - 0.0
  - 0.0
  - 1.0
distortion_coefficients:
- - 0.002957436780420493
  - -0.0007770391061433493
  - 0.0004207522374687984
  - 0.0009698214305429242
  - 0.00011436065240068397
hfov_deg: 149.07984198368246
image_height: 1080
image_width: 1920
num_images: 252
reprojection_error: 0.3402318498574655
vfov_deg: 126.56355817206263
